         25.00
         73.49
        120.42
        165.74
        209.40
        251.36
        291.61
        330.11
        366.85
        401.84
        435.06
        466.54
        496.28
        524.31
        550.67
        575.39
        598.52
        620.12
        640.24
        658.96
        676.35
        692.50
        707.50
        721.44
        734.45
        746.62
        758.09
        768.98
        779.43
        789.59
        799.60
        809.60
        819.60
        829.60
        839.60
        849.60
        859.60
        869.60
        879.60
        889.60
        899.60
        909.60
        919.60
        929.60
        939.60
        949.60
        959.60
        969.60
        979.60
        989.60
        999.60
       1009.60
       1019.60
       1029.60
       1039.60
       1049.60
       1059.60
       1069.60
       1079.60
       1089.60
       1099.60
       1109.60
       1119.60
       1129.60
       1139.60
       1149.60
       1159.60
       1169.60
       1179.60
       1189.60
       1199.60
       1209.60
       1219.60
       1229.60
       1239.60
       1249.60
       1259.60
       1269.60
       1279.60
       1289.60
       1299.60
       1309.60
       1319.60
       1329.60
       1339.60
       1349.60
       1359.60
       1369.60
       1379.60
       1389.60
       1399.60
       1409.60
       1419.60
       1429.60
       1439.60
       1449.60
       1459.60
       1469.60
       1479.60
       1489.60
       1499.60
       1509.60
       1519.60
       1529.60
       1539.60
       1549.60
       1559.60
       1569.60
       1579.60
       1589.60
       1599.60
       1609.60
       1619.60
       1629.60
       1639.60
       1649.60
       1659.60
       1669.60
       1679.60
       1689.60
       1699.60
       1709.60
       1719.60
       1729.60
       1739.60
       1749.60
       1759.60
       1769.60
       1779.60
       1789.60
       1799.60
       1809.60
       1819.60
       1829.60
       1839.60
       1849.60
       1859.60
       1869.60
       1879.60
       1889.60
       1899.60
       1909.60
       1919.60
       1929.60
       1939.60
       1949.60
       1959.60
       1969.60
       1979.60
       1989.60
       1999.60
       2009.60
       2019.60
       2029.60
       2039.60
       2049.60
       2059.60
       2069.60
       2079.60
       2089.60
       2099.60
       2109.60
       2119.60
       2129.60
       2139.60
       2149.60
       2159.60
       2169.60
       2179.60
       2189.60
       2199.60
       2209.60
       2219.60
       2229.60
       2239.60
       2249.60
       2259.60
       2269.60
       2279.60
       2289.60
       2299.60
       2309.60
       2319.60
       2329.60
       2339.60
       2349.60
       2359.60
       2369.60
       2379.60
       2389.60
       2399.60
       2409.60
       2419.60
       2429.60
       2439.60
       2449.60
       2459.60
       2469.60
       2479.60
       2489.60
       2499.60
       2509.60
       2519.60
       2529.60
       2539.60
       2549.60
       2559.60
       2569.60
       2579.60
       2589.60
       2599.60
       2609.60
       2619.60
       2629.60
       2639.60
       2649.60
       2659.60
       2669.60
       2679.60
       2689.60
       2699.60
       2709.60
       2719.60
       2729.60
       2739.60
       2749.60
       2759.60
       2769.60
       2779.60
       2789.60
       2799.60
       2809.60
       2819.60
       2829.60
       2839.60
       2849.60
       2859.60
       2869.60
       2879.60
       2889.60
       2899.60
       2909.60
       2919.60
       2929.60
       2939.60
       2949.60
       2959.60
       2969.60
       2979.60
       2989.60
       2999.60
       3009.60
       3019.60
       3029.60
       3039.65
       3049.82
       3060.18
       3070.78
       3081.70
       3093.00
       3104.74
       3116.99
       3129.79
       3143.22
       3157.32
       3172.15
       3187.76
       3204.22
       3221.56
       3239.83
       3259.10
       3279.40
       3300.78
       3323.28
       3346.94
       3371.81
       3397.94
       3425.34
       3454.07
       3484.16
       3515.65
       3548.56
       3582.93
       3618.80
       3656.18
       3695.11
       3735.61
       3777.71
       3821.44
       3866.81
       3913.84
       3962.56
       4012.99
       4065.13
       4119.01
       4174.64
       4232.04
       4291.21
       4352.16
       4414.91
       4479.46
       4545.82
       4613.98
       4683.96
       4755.76
       4829.38
       4904.81
       4982.05
       5061.11
       5141.97
       5224.63
       5309.08
       5395.31
       5483.31
       5573.08
       5664.59
       5757.83
       5852.79
       5949.45
       6047.79
